9.998434185981750488e-01 1.290823519229888916e-02 -1.210401393473148346e-02 0.000000000000000000e+00
-1.313902717083692551e-02 9.997295737266540527e-01 -1.918573491275310516e-02 0.000000000000000000e+00
1.185308583080768585e-02 1.934176683425903320e-02 9.997426271438598633e-01 0.000000000000000000e+00
0.000000000000000000e+00 0.000000000000000000e+00 0.000000000000000000e+00 1.000000000000000000e+00
