9.997040033340454102e-01 6.663312204182147980e-03 -2.339750528335571289e-02 0.000000000000000000e+00
-6.818821188062429428e-03 9.999551177024841309e-01 -6.572902668267488480e-03 0.000000000000000000e+00
2.335265651345252991e-02 6.730500143021345139e-03 9.997045993804931641e-01 0.000000000000000000e+00
-2.109479391947388649e-03 2.000243403017520905e-03 -2.928152214735746384e-03 1.000000000000000000e+00
