9.996028542518615723e-01 -4.609771713148802519e-04 -2.817012928426265717e-02 0.000000000000000000e+00
2.896712685469537973e-04 9.999812245368957520e-01 -6.084894761443138123e-03 0.000000000000000000e+00
2.817241102457046509e-02 6.074318662285804749e-03 9.995844364166259766e-01 0.000000000000000000e+00
-3.135776496492326260e-04 2.293410245329141617e-03 -1.583199598826467991e-03 1.000000000000000000e+00
