9.998019933700561523e-01 9.979639202356338501e-03 -1.721748895943164825e-02 0.000000000000000000e+00
-1.018720958381891251e-02 9.998760223388671875e-01 -1.201052591204643250e-02 0.000000000000000000e+00
1.709549315273761749e-02 1.218354608863592148e-02 9.997797012329101562e-01 0.000000000000000000e+00
-1.089488388970494270e-03 1.136549282819032669e-03 -1.789991743862628937e-03 1.000000000000000000e+00
