9.997899532318115234e-01 1.049942336976528168e-02 -1.759416796267032623e-02 0.000000000000000000e+00
-1.076971832662820816e-02 9.998242259025573730e-01 -1.533912681043148041e-02 0.000000000000000000e+00
1.743002608418464661e-02 1.552539132535457611e-02 9.997274279594421387e-01 0.000000000000000000e+00
-4.413032147567719221e-04 6.667351699434220791e-04 -8.292531128972768784e-04 1.000000000000000000e+00
