9.995468258857727051e-01 -1.103809103369712830e-03 -3.007950074970722198e-02 0.000000000000000000e+00
1.073142862878739834e-03 9.999988079071044922e-01 -1.035633380524814129e-03 0.000000000000000000e+00
3.008061088621616364e-02 1.002884469926357269e-03 9.995468854904174805e-01 0.000000000000000000e+00
-1.673844177275896072e-03 2.965145278722047806e-03 -3.048422746360301971e-03 1.000000000000000000e+00
