9.998608827590942383e-01 1.016479264944791794e-02 -1.321503147482872009e-02 0.000000000000000000e+00
-1.041027437895536423e-02 9.997718930244445801e-01 -1.864178851246833801e-02 0.000000000000000000e+00
1.302252896130084991e-02 1.877676881849765778e-02 9.997387528419494629e-01 0.000000000000000000e+00
-2.603560096758883446e-05 2.228967423434369266e-05 2.005874412134289742e-04 1.000000000000000000e+00
