9.997149705886840820e-01 6.254300940781831741e-03 -2.304208278656005859e-02 0.000000000000000000e+00
-6.452428176999092102e-03 9.999427795410156250e-01 -8.534214459359645844e-03 0.000000000000000000e+00
2.298738807439804077e-02 8.680459111928939819e-03 9.996980428695678711e-01 0.000000000000000000e+00
-1.143704983405768871e-03 1.761097111739218235e-03 -2.333800541236996651e-03 1.000000000000000000e+00
