9.997084140777587891e-01 -1.323931268416345119e-03 -2.411229535937309265e-02 0.000000000000000000e+00
1.087935990653932095e-03 9.999514222145080566e-01 -9.797827340662479401e-03 0.000000000000000000e+00
2.412409335374832153e-02 9.768738411366939545e-03 9.996612668037414551e-01 0.000000000000000000e+00
8.589059580117464066e-04 1.650684396736323833e-03 5.271365444059483707e-05 1.000000000000000000e+00
